000001
000002
000063
000100
000157
000166
000301
000333
000338
000408
000425
000538
000568
000596
000617
000625
000630
000651
000661
000708
000725
000768
000776
000786
000792
000807
000858
000876
000895
000938
000963
000975
000977
000983
000999
001391
001965
001979
002001
002027
002028
002049
002050
002074
002142
002179
002230
002236
002241
002252
002304
002311
002352
002371
002384
002415
002422
002459
002460
002463
002466
002475
002493
002594
002600
002601
002625
002648
002709
002714
002736
002916
002920
002938
003816
300014
300015
300033
300059
300122
300124
300251
300274
300308
300316
300347
300394
300408
300413
300418
300433
300442
300476
300498
300502
300628
300661
300750
300759
300760
300782
300803
300832
300866
300896
300979
300999
301236
301269
302132
600000
600009
600010
600011
600015
600016
600018
600019
600023
600025
600026
600027
600028
600029
600030
600031
600036
600039
600048
600050
600061
600066
600085
600089
600104
600111
600115
600150
600160
600161
600176
600183
600188
600196
600219
600233
600276
600309
600346
600362
600372
600377
600406
600415
600426
600436
600438
600460
600482
600489
600515
600519
600522
600547
600570
600584
600585
600588
600600
600660
600674
600690
600741
600760
600795
600803
600809
600845
600875
600886
600887
600893
600900
600905
600918
600919
600926
600930
600938
600941
600958
600989
600999
601006
601009
601012
601018
601021
601058
601059
601066
601077
601088
601100
601111
601117
601127
601136
601138
601166
601169
601186
601211
601225
601229
601236
601238
601288
601298
601318
601319
601328
601336
601360
601377
601390
601398
601456
601600
601601
601607
601618
601628
601633
601658
601668
601669
601688
601689
601698
601728
601766
601788
601800
601808
601816
601818
601825
601838
601857
601868
601872
601877
601878
601881
601888
601898
601899
601901
601916
601919
601939
601985
601988
601995
601998
603019
603195
603259
603260
603288
603296
603369
603392
603501
603799
603893
603986
603993
605117
605499
688008
688009
688012
688036
688041
688047
688082
688111
688126
688169
688187
688223
688256
688271
688303
688396
688472
688506
688981
